TotalEnergy:  77496.5 J - 6.500000 m/s
TotalEnergy:  77616.1 J - 6.600000 m/s
TotalEnergy:  79109.5 J - 6.700000 m/s
TotalEnergy:  79998.0 J - 6.800000 m/s
