TotalEnergy:  76519.3 J - 6.500000 m/s
TotalEnergy:  76864.1 J - 6.600000 m/s
TotalEnergy:  76834.8 J - 6.700000 m/s
TotalEnergy:  77174.2 J - 6.800000 m/s
