TotalEnergy:  75537.3 J - 6.400000 m/s
TotalEnergy:  75971.4 J - 6.300000 m/s
TotalEnergy:  76655.2 J - 6.200000 m/s
TotalEnergy:  77293.3 J - 6.100000 m/s
