TotalEnergy:  77722.6 J - 6.500000 m/s
TotalEnergy:  78040.6 J - 6.600000 m/s
TotalEnergy:  78864.2 J - 6.700000 m/s
TotalEnergy:  78516.7 J - 6.800000 m/s
